Prospects (2014):
	1. Khalil Mack. LB. [0, 0, 0, 0, 0, 0, 0, 0, 0, 0, 0, 0, 81.75, 7.13, 1, 5.25, 4]. [7.2, 4.65, 23, 40, 128, 7.08, 4.18, 0]
	2. Jadeveon Clowney. DE. [0, 0, 0, 0, 0, 0, 0, 0, 0, 0, 0, 0, 43, 8, 0, 2.33, 3]. [7.5, 4.53, 21, 37.5, 124, 7.27, 4.43, 0]
	3. Greg Robinson. OT. [0, 0, 0, 0, 0, 0, 0, 0, 0, 0, 0, 0, 0, 0, 0, 0, 0]. [7.45, 4.92, 32, 28.5, 113, 7.80, 4.86, 0]
	4. Sammy Watkins. WR. [0, 0, 0, 0, 6.5, 113, 17.33, 0.33, 14.1, 1130.33, 80, 9, 0, 0, 0, 0, 0]. [7.3, 4.43, 16, 34, 126, 6.95, 4.34, 0]
	5. Jake Matthews. OT. [0, 0, 0, 0, 0, 0, 0, 0, 0, 0, 0, 0, 0, 0, 0, 0, 0]. [7.25, 5.07, 24, 30.5, 105, 7.34, 4.47, 0]
	6. Taylor Lewan. OT. [0, 0, 0, 0, 0, 0, 0, 0, 0, 0, 0, 0, 0, 0, 0, 0, 0]. [6.31, 4.87, 29, 30.5, 117, 7.39, 4.49, 0]
	7. Mike Evans. WR. [0, 0, 0, 0, 0, 0, 0, 0, 16.5, 1249.5, 75.5, 8.5, 0, 0, 0, 0, 0]. [6.42, 4.53, 12, 37, 0, 7.08, 4.26, 11.58]
	8. Eric Ebron. TE. [0, 0, 0, 0, 3.5, 2.33, 0.67, 0, 16.1, 601.67, 37.33, 2.67, 0, 0, 0, 0, 0]. [6.29, 4.60, 24, 32, 120, 0, 0, 0]
	9. Zack Martin. OT. [0, 0, 0, 0, 0, 0, 0, 0, 0, 0, 0, 0, 0, 0, 0, 0, 0]. [6.23, 0, 29, 28, 106, 7.65, 4.59, 0]
	10. Johnny Manziel. QB. [164.1, 3910, 31.5, 2.55, 0, 0, 0, 0, 0, 0, 0, 0, 0, 0, 0, 0, 0]. [6.12, 4.68, 0, 31.5, 113, 6.75, 4.03, 0]
	11. CJ Mosley. LB. [0, 0, 0, 0, 0, 0, 0, 0, 0, 0, 0, 0, 79.25, 1.63, 1.75, 4.25, 0.25]. [6.42, 0, 0, 35, 118, 7.30, 4.40, 0]
	12. Aaron Donald. DT. [0, 0, 0, 0, 0, 0, 0, 0, 0, 0, 0, 0, 45.25, 7.38, 0, 2.5, 1.5]. [6.34, 4.68, 35, 32, 116, 7.11, 4.39, 0]
	13. Kyle Fuller. CB. [0, 0, 0, 0, 0, 0, 0, 0, 0, 0, 0, 0, 43.25, 1.13, 1.5, 5.25, 0.75]. [5.97, 4.49, 12, 38.5, 128, 6.90, 4.19, 0]
	14. Anthony Barr. LB. [0, 0, 0, 0, 0, 0, 0, 0, 0, 0, 0, 0, 38, 5.88, 0, 0.25, 1.5]. [6.52, 4.66, 15, 34.5, 119, 6.82, 4.19, 0]
	15. Blake Bortles. QB. [153.8, 2532.67, 18.67, 2.13, 0, 0, 0, 0, 0, 0, 0, 0, 0, 0, 0, 0, 0]. [6.22, 4.93, 0, 32.5, 115, 7.08, 4.21, 0]
	16. Ha Ha Clinton-Dix. S. [0, 0, 0, 0, 0, 0, 0, 0, 0, 0, 0, 0, 5.5, 0, 2.5, 1, 0]. [5.99, 4.58, 11, 33, 119, 7.16, 4.16, 11.63]
	17. Odell Beckham. WR. [0, 0, 0, 0, 11, 25.67, 2.33, 0, 16.4, 780, 47.67, 4, 0, 0, 0, 0, 0]. [6.16, 4.43, 7, 38.5, 122, 6.69, 3.94, 10.93]
	18. Ryan Shazier. LB. [0, 0, 0, 0, 0, 0, 0, 0, 0, 0, 0, 0, 105.67, 5, 0.33, 1.33, 1.67]. [6.3, 0, 25, 42, 130, 6.91, 4.21, 0]
	19. Darqueze Dennard. CB. [0, 0, 0, 0, 0, 0, 0, 0, 0, 0, 0, 0, 41.25, 0.25, 2.25, 3.25, 0.75]. [6.14, 4.51, 15, 0, 0, 0, 0, 0]
	20. Derek Carr. QB. [152.8, 3210.75, 28.25, 1.47, 0, 0, 0, 0, 0, 0, 0, 0, 0, 0, 0, 0, 0]. [6.14, 4.69, 0, 34.5, 110, 0, 4.20, 0]
	21. Brandin Cooks. WR. [0, 0, 0, 0, 5.6, 113.33, 20.33, 0.67, 14.5, 1090.67, 75.33, 8, 0, 0, 0, 0, 0]. [5.99, 4.33, 16, 36, 120, 6.76, 3.81, 10.72]
	22. Calvin Pryor. S. [0, 0, 0, 0, 0, 0, 0, 0, 0, 0, 0, 0, 71.67, 0.67, 2, 3, 0.67]. [6.32, 4.58, 18, 34.5, 116, 0, 0, 0]
	23. Justin Gilbert. CB. [0, 0, 0, 0, 0, 0, 0, 0, 0, 0, 0, 0, 45.5, 0, 1.25, 4.5, 0.25]. [6.38, 4.37, 20, 35.5, 126, 6.92, 0, 0]
	24. Cyrus Kouandjio. OT. [0, 0, 0, 0, 0, 0, 0, 0, 0, 0, 0, 0, 0, 0, 0, 0, 0]. [5.82, 5.59, 21, 27.5, 96, 7.71, 4.84, 0]
	25. Bradley Roby. CB. [0, 0, 0, 0, 0, 0, 0, 0, 0, 0, 0, 0, 59.33, 0.33, 2.67, 6.33, 0.33]. [6.18, 4.39, 17, 38.5, 124, 0, 4.40, 0]
	26. Kelvin Benjamin. WR. [0, 0, 0, 0, 16.5, 16.5, 1, 0, 17.9, 753, 42, 9.5, 0, 0, 0, 0, 0]. [6.13, 4.61, 13, 32.5, 119, 7.33, 4.39, 12.08]
	27. Bishop Sankey. RB. [0, 0, 0, 0, 5.4, 1165.33, 214.67, 12.33, 8.5, 189, 22.33, 0.33, 0, 0, 0, 0, 0]. [5.69, 4.49, 26, 35.5, 126, 6.75, 4.00, 0]
	28. Marqise Lee. WR. [0, 0, 0, 0, 6.1, 48.67, 8, 0, 14.7, 1218.33, 82.67, 9.67, 0, 0, 0, 0, 0]. [6.26, 4.52, 0, 38, 127, 0, 4.01, 0]
	29. Jason Verrett. CB. [0, 0, 0, 0, 0, 0, 0, 0, 0, 0, 0, 0, 53.33, 0.33, 2.67, 5.67, 0.33]. [5.92, 4.38, 0, 39, 128, 6.69, 4.00, 0]
	30. Stanley Jean-Baptist. CB. [0, 0, 0, 0, 0, 0, 0, 0, 0, 0, 0, 0, 24.67, 0.33, 1.33, 4.33, 0]. [5.36, 4.61, 13, 41.5, 128, 0, 4.33, 0]
	31. Carlos Hyde. RB. [0, 0, 0, 0, 6.1, 799.5, 130.75, 9.25, 8, 67.75, 9.25, 1, 0, 0, 0, 0, 0]. [6.15, 4.66, 19, 34.5, 114, 0, 0, 0]
	32. Jace Amaro. TE. [0, 0, 0, 0, 0, 0, 0, 0, 13.2, 606, 46, 4.33, 0, 0, 0, 0, 0]. [5.57, 4.74, 28, 33, 118, 7.42, 4.30, 12.26]
	33. Stephon Tuitt. DE. [0, 0, 0, 0, 0, 0, 0, 0, 0, 0, 0, 0, 42, 7.17, 0.33, 1.33, 1.33]. [6.14, 0, 31, 0, 0, 0, 0, 0]
	34. Marcus Martin. C. [0, 0, 0, 0, 0, 0, 0, 0, 0, 0, 0, 0, 0, 0, 0, 0, 0]. [5.65, 0, 23, 0, 0, 0, 0, 0]
	35. Timmy Jernigan. DT. [0, 0, 0, 0, 0, 0, 0, 0, 0, 0, 0, 0, 46, 2.83, 0, 0.33, 0]. [5.84, 5.06, 27, 29.5, 102, 0, 4.83, 0]
	36. Louis Nix. DT. [0, 0, 0, 0, 0, 0, 0, 0, 0, 0, 0, 0, 40.67, 0.83, 0, 2.67, 0.33]. [5.94, 5.42, 0, 25.5, 97, 8.29, 4.94, 0]
	37. Dee Ford. DE. [0, 0, 0, 0, 0, 0, 0, 0, 0, 0, 0, 0, 18.6, 4.1, 0.4, 0.4, 0.6]. [5.75, 0, 0, 0, 0, 0, 0, 0]
	38. Jimmy Garoppolo. QB. [0, 0, 0, 0, 0, 0, 0, 0, 0, 0, 0, 0, 0, 0, 0, 0, 0]. [5.82, 4.97, 0, 30.5, 110, 7.04, 4.26, 0]
	39. Joel Bitonio. OT. [0, 0, 0, 0, 0, 0, 0, 0, 0, 0, 0, 0, 0, 0, 0, 0, 0]. [5.84, 4.97, 22, 32, 114, 7.37, 4.44, 0]
	40. Zach Mettenberger. QB. [148.4, 1927.67, 11.67, 2.28, 0, 0, 0, 0, 0, 0, 0, 0, 0, 0, 0, 0, 0]. [5.37, 0, 0, 0, 0, 0, 0, 0]
	41. Demarcus Lawrence. LB. [0, 0, 0, 0, 0, 0, 0, 0, 0, 0, 0, 0, 60, 10, 0.5, 0.5, 1.5]. [6.06, 4.80, 20, 34.5, 113, 7.46, 4.31, 0]
	42. Teddy Bridgewater. QB. [157.2, 3272.33, 24, 2.1, 0, 0, 0, 0, 0, 0, 0, 0, 0, 0, 0, 0, 0]. [6.15, 0, 0, 30, 113, 7.17, 4.20, 0]
	43. Deone Bucannon. S. [0, 0, 0, 0, 0, 0, 0, 0, 0, 0, 0, 0, 90.75, 0.25, 2.75, 2.25, 1]. [5.74, 4.49, 19, 36.5, 125, 6.96, 4.26, 0]
	44. Xavier Su'a-Filo. OG. [0, 0, 0, 0, 0, 0, 0, 0, 0, 0, 0, 0, 0, 0, 0, 0, 0]. [5.92, 5.04, 25, 25, 102, 7.60, 4.44, 0]
	45. Kony Ealy. DE. [0, 0, 0, 0, 0, 0, 0, 0, 0, 0, 0, 0, 32, 4.5, 0.33, 4.33, 2]. [5.82, 4.92, 22, 31, 114, 6.83, 4.45, 0]
	46. Scott Crichton. DE. [0, 0, 0, 0, 0, 0, 0, 0, 0, 0, 0, 0, 55, 7.83, 0, 3, 3.33]. [5.58, 4.84, 24, 31.5, 108, 7.19, 4.29, 0]
	47. Morgan Moses. OT. [0, 0, 0, 0, 0, 0, 0, 0, 0, 0, 0, 0, 0, 0, 0, 0, 0]. [5.48, 5.35, 0, 21.5, 106, 7.93, 4.95, 0]
	48. Ra'Shede Hageman. DT. [0, 0, 0, 0, 0, 0, 0, 0, 0, 0, 0, 0, 22.75, 2.5, 0.25, 2.5, 0.5]. [6.04, 5.02, 32, 35.5, 114, 7.87, 4.50, 0]
	49. Jeremy Hill. RB. [0, 0, 0, 0, 6.2, 1078, 172.5, 14, 9.8, 127, 13, 0, 0, 0, 0, 0, 0]. [5.59, 4.66, 20, 29, 113, 0, 0, 0]
	50. Cody Latimer. WR. [0, 0, 0, 0, 1.5, 1, 0.67, 0, 15.1, 680.67, 45, 5.67, 0, 0, 0, 0, 0]. [5.28, 0, 23, 0, 0, 0, 0, 0]

Teams (2014):
	1. Houston Texans. [QB, RT, OLB]. DE Jadeveion Clowney
	2. Saint Louis Rams. [WR, OL, S]. OT Greg Robinson
	3. Jacksonville Jaguars. [QB, RB, OT]. QB Blake Bortles
	4. Buffalo Bills. [RT, LB, WR]. WR Sammy Watkins
	5. Oakland Raiders. [QB, OL, WR]. OLB Khalil Mack
	6. Atlanta Falcons. [OLB, OT, TE]. OT Jake Matthews
	7. Tampa Bay Buccaneers. [OT, OG, CB]. WR Mike Evans
	8. Cleveland Browns. [QB, OG, RB]. CB Justin Gilbert
	9. Minnesota Vikings. [QB, OG, S]. OLB Anthony Barr
	10. Detroit Lions. [S, CB, OT]. TE Eric Ebron
	11. Tennessee Titans. [QB, CB, RB]. OT Taylor Lewan
	12. New York Giants. [DT, WR, CB]. WR Odell Beckham
	13. Saint Louis Rams. [WR, OL, S]. DT Aaron Donald
	14. Chicago Bears. [S, CB, DT]. CB Kyle Fuller
	15. Pittsburgh Steelers. [CB, DL, WR]. OLB Ryan Shazier
	16. Dallas Cowboys. [DT, DE, S]. OL Zack Martin
	17. Baltimore Ravens. [C, RT, S]. ILB CJ Mosley
	18. New York Jets. [OG, WR, CB]. S Calvin Pryor
	19. Miami Dolphins. [RT, OG, RB]. OT Ja'wuan James
	20. New Orleans Saints. [CB, OL, OLB]. WR Brandin Cooks
	21. Green Bay Packers. [DL, S, WR]. S Ha Ha Clinton-Dix
	22. Cleveland Browns. [QB, OG, RB]. QB Johnny Manziel
	23. Kansas City Chiefs. [WR, OG, S]. DE Dee Ford
	24. Cincinnati Bengals. [DE, OL, CB]. CB Darqueze Dennard
	25. San Diego Chargers. [CB, NT, WR]. CB Jason Verrertt
	26. Philadelphia Eagles. [S, OLB, DL]. OLB Marcus Smith
	27. Arizona Cardinals. [CB, S, QB]. S Deone Bucannon
	28. Carolina Panthers. [OT, DB, WR]. WR Kelvinn Benjamin
	29. New England Patriots. [DL, C, WR]. DT Dominique Easley
	30. San Francisco 49ers. [WR, C, DL]. S Jimmie Ward
	31. Denver Broncos. [CB, WR, LB]. CB Bradley Roby
	32. Minnesota Vikings. [QB, OG, S]. QB Teddy Bridgewater