Prospects (2015): 
	1. Leonard Williams. DT. [0, 0, 0, 0, 0, 0, 0, 0, 0, 0, 0, 0, 72.67, 6.67, 0.67, 1, 1.33]. [7.53, 4.97, 0, 29.5, 106, 7.59, 4.53, 0]
	2. Dante Fowler Jr. DE. [0, 0, 0, 0, 0, 0, 0, 0, 0, 0, 0, 0, 46.67, 4.83, 0, 0.67, 1.67]. [6.89, 4.60, 19, 32.5, 112, 7.40, 4.32, 11.89]
	3. Kevin White. WR. [0, 0, 0, 0, 0, 0, 0, 0, 13.6, 977, 48, 5, 0, 0, 0, 0, 0]. [6.95, 4.35, 23, 36.5, 123, 6.92, 4.14, 11.52]
	4. Amari Cooper. WR. [0, 0, 0, 0, 8.5, 17, 2, 0, 15.2, 1154.33, 76, 10.33, 0, 0, 0, 0, 0]. [7.13, 4.42, 0, 33, 120, 6.71, 3.98, 0]
	5. Marcus Mariota. QB. [171.8, 2699, 26.25, 1.2, 0, 0, 0, 0, 0, 0, 0, 0, 0, 0, 0, 0, 0]. [6.27, 4.52, 0, 36, 121, 6.87, 4.11, 0]
	6. Jameis Winston. QB. [163.3, 3982, 32.5, 3.29, 0, 0, 0, 0, 0, 0, 0, 0, 0, 0, 0, 0, 0]. [6.7, 4.97, 0, 28.5, 103, 7.16, 4.36, 0]
	7. Trae Waynes. CB. [0, 0, 0, 0, 0, 0, 0, 0, 0, 0, 0, 0, 33.67, 0.5, 2, 4.33, 0]. [6.36, 4.31, 19, 38, 122, 7.06, 4.39, 0]
	8. Brandon Scherff. OT. [0, 0, 0, 0, 0, 0, 0, 0, 0, 0, 0, 0, 0, 0, 0, 0, 0]. [6.49, 5.05, 23, 0, 0, 0, 0, 0]
	9. DeVante Parker. WR. [0, 0, 0, 0, 0, 0, 0, 0, 17.8, 693.75, 39, 8.25, 0, 0, 0, 0, 0]. [6.26, 4.45, 17, 36.5, 125, 0, 0, 0]
	10. Melvin Gordon. RB. [0, 0, 0, 0, 7.8, 1228.75, 157.75, 11.25, 10.4, 57, 7.33, 1, 0, 0, 0, 0, 0]. [6.24, 4.52, 19, 35, 126, 7.04, 4.07, 11]
	11. Bud Dupree. DE. [0, 0, 0, 0, 0, 0, 0, 0, 0, 0, 0, 0, 61.75, 6.38, 0.25, 1.25, 1.25]. [6.1, 4.56, 0, 42, 138, 0, 0, 0]
	12. Danny Shelton. DT. [0, 0, 0, 0, 0, 0, 0, 0, 0, 0, 0, 0, 50, 2.63, 0, 0.75, 0]. [6.43, 5.64, 34, 30.5, 95, 7.99, 4.65, 0]
	13. Vic Beasley. LB. [0, 0, 0, 0, 0, 0, 0, 0, 0, 0, 0, 0, 20.75, 7.5, 0, 1.75, 1.75]. [6.64, 4.53, 35, 41, 130, 6.91, 4.15, 0]
	14. Arik Armstead. DE. [0, 0, 0, 0, 0, 0, 0, 0, 0, 0, 0, 0, 29, 1.33, 0, 0.67, 0.33]. [6.51, 5.10, 24, 34, 117, 7.57, 4.53, 0]
	15. Breshad Perriman. WR. [0, 0, 0, 0, 0, 0, 0.33, 0, 19.5, 747.67, 38.33, 5.33, 0, 0, 0, 0, 0]. [6.25, 0, 0, 0, 0, 0, 0, 0]
	16. La'el Collins. OT. [0, 0, 0, 0, 0, 0, 0, 0, 0, 0, 0, 0, 0, 0, 0, 0, 0]. [6.19, 5.12, 21, 27, 108, 7.70, 4.63, 0]
	17. Randy Gregory. DE. [0, 0, 0, 0, 0, 0, 0, 0, 0, 0, 0, 0, 59.5, 8.25, 1, 2, 1]. [6.49, 4.64, 24, 36.5, 125, 0, 0, 0]
	18. Shane Ray. DE. [0, 0, 0, 0, 0, 0, 0, 0, 0, 0, 0, 0, 40, 6.33, 0, 0.33, 1.67]. [6.6, 0, 21, 0, 0, 0, 0, 0]
	19. Todd Gurley. RB. [0, 0, 0, 0, 6.4, 1095, 170, 12, 9.5, 205, 21.67, 2, 0, 0, 0, 0, 0]. [6.3, 0, 17, 0, 0, 0, 0, 0]
	20. Malcom Brown. DT. [0, 0, 0, 0, 0, 0, 0, 0, 0, 0, 0, 0, 55, 2.83, 0, 2, 0.67]. [6.23, 5.05, 26, 29.5, 98, 7.84, 4.59, 0]
	21. Ereck Flowers. OT. [0, 0, 0, 0, 0, 0, 0, 0, 0, 0, 0, 0, 0, 0, 0, 0, 0]. [6.15, 5.31, 37, 0, 0, 0, 0, 0]
	22. Kevin Johnson. CB. [0, 0, 0, 0, 0, 0, 0, 0, 0, 0, 0, 0, 47.25, 0.13, 2.25, 5, 0.25]. [6.05, 4.52, 0, 41.5, 130, 6.79, 3.89, 12.19]
	23. Nelson Agholor. WR. [0, 0, 0, 0, 2.6, 6, 2.33, 0, 14.4, 857.33, 59.33, 6.67, 0, 0, 0, 0, 0]. [5.76, 4.42, 12, 0, 0, 0, 0, 0]
	24. Marcus Peters. CB. [0, 0, 0, 0, 0, 0, 0, 0, 0, 0, 0, 0, 43, 0.33, 3.67, 5.33, 0.33]. [5.92, 4.53, 17, 37.5, 121, 7.08, 4.08, 11.26]
	25. DJ Humphries. OT. [0, 0, 0, 0, 0, 0, 0, 0, 0, 0, 0, 0, 0, 0, 0, 0, 0]. [6.26, 5.12, 26, 31, 104, 7.87, 4.64, 0]
	26. Cameron Erving. C. [0, 0, 0, 0, 0, 0, 0, 0, 0, 0, 0, 0, 0, 0, 0, 0, 0]. [5.84, 5.15, 30, 30.5, 112, 7.48, 4.63, 0]
	27. Jalen Collins. CB. [0, 0, 0, 0, 0, 0, 0, 0, 0, 0, 0, 0, 30, 0, 1, 3.67, 0]. [6.2, 4.48, 0, 36, 124, 6.77, 4.27, 11.32]
	28. Andrus Peat. OT. [0, 0, 0, 0, 0, 0, 0, 0, 0, 0, 0, 0, 0, 0, 0, 0, 0]. [6.29, 5.18, 0, 31, 105, 8.01, 4.62, 0]
	29. Eddie Goldman. DT. [0, 0, 0, 0, 0, 0, 0, 0, 0, 0, 0, 0, 20.67, 2, 0, 0.33, 0.33]. [6.2, 0, 0, 0, 0, 0, 0, 0]
	30. Damarious Randall. S. [0, 0, 0, 0, 0, 0, 0, 0, 0, 0, 0, 0, 88.5, 0.5, 3, 6, 2]. [5.65, 4.46, 14, 38, 120, 6.83, 4.07, 0]
	31. Dorial Green-Beckham. WR. [0, 0, 0, 0, 3.2, 9.5, 3, 0, 14.7, 639, 43.5, 8.5, 0, 0, 0, 0, 0]. [5.8, 4.49, 13, 33.5, 119, 6.89, 4.45, 11.89]
	32. Landon Collins. S. [0, 0, 0, 0, 0, 0, 0, 0, 0, 0, 0, 0, 61.33, 0, 1.67, 4.33, 1]. [6.33, 4.53, 0, 35, 120, 7.38, 4.33, 11.94]
	33. TJ Clemmings. OT. [0, 0, 0, 0, 0, 0, 0, 0, 0, 0, 0, 0, 0, 0, 0, 0, 0]. [5.98, 5.14, 22, 32.5, 111, 7.68, 4.54, 0]
	34. Phillip Dorsett. WR. [0, 0, 0, 0, 0.3, 0.5, 1.75, 0, 17.6, 533, 30.25, 4.25, 0, 0, 0, 0, 0]. [5.87, 4.33, 13, 37, 122, 6.70, 4.11, 0]
	35. Jordan Phillips. DT. [0, 0, 0, 0, 0, 0, 0, 0, 0, 0, 0, 0, 19, 1.17, 0, 0.67, 0]. [5.9, 5.17, 28, 30, 105, 7.88, 4.68, 0]
	36. Eli Harold. DE. [0, 0, 0, 0, 0, 0, 0, 0, 0, 0, 0, 0, 47, 5.83, 0.67, 1, 1]. [6.11, 4.60, 0, 35, 123, 7.07, 4.16, 0]
	37. Byron Jones. CB. [0, 0, 0, 0, 0, 0, 0, 0, 0, 0, 0, 0, 56.25, 0, 1.75, 4, 0]. [5.62, 0, 0, 44.5, 147, 6.78, 3.94, 10.98]
	38. Jaelen Strong. WR. [0, 0, 0, 0, 0, 0, 0, 0, 14.6, 1143.5, 78.5, 8.5, 0, 0, 0, 0, 0]. [5.9, 4.44, 0, 42, 123, 0, 0, 0]
	39. Jake Fisher. OT. [0, 0, 0, 0, 0, 0, 0, 0, 0, 0, 0, 0, 0, 0, 0, 0, 0]. [5.86, 5.01, 25, 32.5, 0, 7.25, 4.33, 0]
	40. Donovan Smith. OT. [0, 0, 0, 0, 0, 0, 0, 0, 0, 0, 0, 0, 0, 0, 0, 0, 0]. [5.63, 5.27, 26, 32, 109, 7.95, 4.79, 0]
	41. Ameer Abdullah. RB. [0, 0, 0, 0, 5.6, 1147, 203.25, 9.75, 9.5, 172.5, 18.25, 1.75, 0, 0, 0, 0, 0]. [5.7, 4.60, 24, 42.5, 130, 6.79, 3.95, 11.18]
	42. Paul Dawson. LB. [0, 0, 0, 0, 0, 0, 0, 0, 0, 0, 0, 0, 80.33, 201.17, 1.33, 2.67, 1]. [5.83, 4.93, 21, 28, 109, 0, 4.49, 0]
	43. Shaq Thompson. LB. [0, 0, 0, 0, 0, 0, 0, 0, 0, 0, 0, 0, 77.33, 1.17, 1.67, 2.67, 0.67]. [5.69, 4.64, 0, 33.5, 117, 6.99, 4.08, 11.78]
	44. Eric Rowe. CB. [0, 0, 0, 0, 0, 0, 0, 0, 0, 0, 0, 0, 65.25, 0.38, 1, 7, 0]. [5.65, 4.45, 19, 39, 125, 6.70, 3.97, 11.48]
	45. Eric Kendricks. LB. [0, 0, 0, 0, 0, 0, 0, 0, 0, 0, 0, 0, 119, 2.5, 0.75, 1.75, 0.25]. [5.82, 4.61, 19, 38, 124, 0, 0, 0]
	46. Duke Johnson. RB. [0, 0, 0, 0, 6.7, 1173, 175.33, 8.67, 10.4, 239.67, 23, 1.33, 0, 0, 0, 0, 0]. [5.75, 4.54, 0, 33.5, 121, 0, 0, 0]
	47. Carl Davis. DT. [0, 0, 0, 0, 0, 0, 0, 0, 0, 0, 0, 0, 23.5, 0.86, 0, 0.25, 0]. [5.92, 5.07, 0, 33, 103, 7.91, 4.47, 0]
	48. Tevin Coleman. RB. [0, 0, 0, 0, 7.1, 1073, 150.67, 9.33, 7.1, 127.67, 18, 0, 0, 0, 0, 0, 0]. [5.79, 0, 22, 0, 0, 0, 0, 0]
	49. Preston Smith. DE. [0, 0, 0, 0, 0, 0, 0, 0, 0, 0, 0, 0, 18, 4, 0.5, 1.75, 1.25]. [5.78, 4.74, 24, 34, 121, 7.07, 4.28, 11.70]
	50. Stephone Anthony. LB. [0, 0, 0, 0, 0, 0, 0, 0, 0, 0, 0, 0, 63.5, 2.38, 0.75, 1.75, 1.25]. [5.78, 4.56, 23, 37, 122, 7.07, 4.03, 0]

Teams (2015):
	1. Tampa Bay Buccaneers. [OL, DL, QB]. QB Jameis Winston
	2. Tennessee Titans. [QB, DL, CB]. QB Marcus Mariota
	3. Jacksonville Jaguars. [OT, CB, RB]. DE/OLB Dante Fowler Jr.
	4. Oakland Raiders. [DL, CB, WR]. WR Amari Cooper
	5. Washington. [DL, DB, OT]. OL Brandon Scherff
	6. New York Jets. [QB, CB, OT]. DL Leonard Williams
	7. Chicago Bears. [DL, LB, DB]. WR Kevin White
	8. Atlanta Falcons. [DL, TE, DB]. DE/OLB Vic Beasley
	9. New York Giants. [DL, OL, ILB]. OL Ereck Flowers
	10. Saint Louis Rams. [QB, CB, RB]. RB Todd Gurley	
	11. Minnesota Vikings. [OT, RB, CB]. CB Trae Waynes	
	12. Cleveland Browns. [WR, ILB, DL]. DT Danny Shelton	
	13. New Orleans Saints. [CB, DL, QB]. OL Andrus Peat	
	14. Miami Dolphins. [LB, CB, OT]. WR DeVante Parker	
	15. San Francisco 49ers. [QB, OL, DL]. DL Arik Armstead	
	16. Houston Texans. [QB, WR, OT]. CB Kevin Johnson	
	17. San Diego Chargers. [CB, NT, OL]. RB Melvin Gordon
	18. Kansas City Chiefs. [WR, OT, CB]. CB Marcus Peters	
	19. Cleveland Browns. [WR, ILB, DL]. C Cameron Erving	
	20. Philadelphia Eagles. [CB, S, OLB]. WR Nelson Agholor	
	21. Cincinnati Bengals. [CB, S, P/K]. OL Cedric Ogbuehi	
	22. Pittsburgh Steelers. [S, DL, CB]. DE/OLB Bud Dupree	
	23. Detroit Lions. [CB, DL, P/K]. OL Laken Tomlinson	
	24. Arizona Cardinals. [DL, OLB, ILB]. OL DJ Humphries
	25. Carolina Panthers. [DL, OT, CB]. LB Shaq Thompson	
	26. Baltimore Ravens. [DL, RB, OL]. WR Breshad Perriman	
	27. Dallas Cowboys. [CB, DL, TE]. CB Byron Jones
	28. Denver Broncos. [DL, LB, TE/WR]. DE/OLB Shane Ray
	29. Indianapolis Colts. [OL, ILB, S]. WR Phillip Dorsett
	30. Green Bay Packers. [ILB, DL, TE]. S Damarious Randall	
	31. Seattle Seahawks. [TE, OL, DL]. LB Stephone Anthony	
	32. New England Patriots. [WR, DL, RB]. DT Malcom Brown	